0 0.39921875 0.25416666666666665 0.0703125 0.12916666666666668
0 0.540625 0.396875 0.05625 0.11041666666666666
0 0.290625 0.890625 0.13125 0.21875
0 0.53828125 0.9354166666666667 0.1234375 0.12916666666666668
0 0.840625 0.203125 0.05625 0.10625
0 0.646875 0.15729166666666666 0.065625 0.10208333333333333
0 0.7265625 0.16041666666666668 0.059375 0.12916666666666668
0 0.5140625 0.25416666666666665 0.065625 0.12916666666666668
0 0.5296875 0.05 0.025 0.075
0 0.409375 0.090625 0.04375 0.08541666666666667
0 0.271875 0.035416666666666666 0.03125 0.0625
0 0.159375 0.08958333333333333 0.04375 0.075
0 0.0515625 0.125 0.05 0.06666666666666667
0 0.20703125 0.05625 0.0296875 0.0625
0 0.7890625 0.04375 0.040625 0.07916666666666666
2 0.23125 0.12291666666666666 0.0375 0.07916666666666666