0 0.08203125 0.246875 0.0359375 0.06041666666666667
0 0.171875 0.2520833333333333 0.040625 0.07083333333333333
2 0.2234375 0.2 0.028125 0.041666666666666664
2 0.2546875 0.15729166666666666 0.040625 0.05625
2 0.35390625 0.19583333333333333 0.0453125 0.0625
0 0.503125 0.23645833333333333 0.053125 0.09375
1 0.5359375 0.18020833333333333 0.021875 0.05625
2 0.59765625 0.17916666666666667 0.0421875 0.06666666666666667
1 0.659375 0.16770833333333332 0.04375 0.06875
0 0.82265625 0.146875 0.0578125 0.10208333333333333
0 0.75078125 0.12604166666666666 0.0265625 0.04375
0 0.71875 0.19583333333333333 0.025 0.041666666666666664
2 0.059375 0.16770833333333332 0.03125 0.052083333333333336