0 0.38515625 0.46770833333333334 0.0578125 0.11875
0 0.3828125 0.2604166666666667 0.078125 0.07083333333333333
0 0.646875 0.6770833333333334 0.059375 0.15416666666666667
0 0.5796875 0.5333333333333333 0.040625 0.13333333333333333
0 0.696875 0.2635416666666667 0.025 0.04791666666666667
1 0.265625 0.24375 0.03125 0.05416666666666667
2 0.084375 0.23854166666666668 0.01875 0.035416666666666666
2 0.509375 0.21875 0.025 0.058333333333333334
2 0.75390625 0.20104166666666667 0.0203125 0.05625
2 0.578125 0.39895833333333336 0.0375 0.06041666666666667
0 0.89296875 0.34270833333333334 0.0265625 0.03958333333333333
2 0.9359375 0.3729166666666667 0.0375 0.07083333333333333
2 0.940625 0.4947916666666667 0.028125 0.10208333333333333
2 0.96640625 0.36354166666666665 0.0296875 0.052083333333333336