0 0.08515625 0.26979166666666665 0.0421875 0.08541666666666667
0 0.1671875 0.3177083333333333 0.05 0.07291666666666667
0 0.30078125 0.23541666666666666 0.0265625 0.058333333333333334
0 0.35546875 0.296875 0.0484375 0.09791666666666667
0 0.371875 0.2375 0.03125 0.0625
0 0.40703125 0.278125 0.0390625 0.07708333333333334
0 0.4546875 0.47604166666666664 0.05 0.08125
0 0.434375 0.25625 0.015625 0.058333333333333334
0 0.478125 0.27395833333333336 0.028125 0.06041666666666667
0 0.52734375 0.26979166666666665 0.0296875 0.06875
0 0.56015625 0.2760416666666667 0.0421875 0.08125
0 0.6125 0.30520833333333336 0.0375 0.06458333333333334
0 0.65 0.33229166666666665 0.0375 0.07708333333333334
0 0.71328125 0.3541666666666667 0.0515625 0.08333333333333333
0 0.7203125 0.21770833333333334 0.021875 0.052083333333333336
0 0.76953125 0.25833333333333336 0.0359375 0.07083333333333333
2 0.80703125 0.25833333333333336 0.0359375 0.0625
0 0.83984375 0.25 0.0203125 0.04583333333333333
0 0.88203125 0.23958333333333334 0.0390625 0.06666666666666667
0 0.93828125 0.25833333333333336 0.0484375 0.07916666666666666