0 0.06796875 0.39166666666666666 0.0984375 0.16666666666666666
0 0.325 0.259375 0.0375 0.06875
0 0.41953125 0.2875 0.0296875 0.075
0 0.63125 0.2625 0.0375 0.075
0 0.690625 0.17708333333333334 0.04375 0.09583333333333334
0 0.89453125 0.26458333333333334 0.0796875 0.2
0 0.71328125 0.4666666666666667 0.0421875 0.08333333333333333
2 0.82734375 0.28854166666666664 0.0546875 0.08958333333333333
2 0.3828125 0.221875 0.021875 0.05625
0 0.29140625 0.21666666666666667 0.0203125 0.06666666666666667
2 0.2046875 0.19479166666666667 0.034375 0.08958333333333333
0 0.5515625 0.17916666666666667 0.034375 0.07083333333333333