0 0.090625 0.303125 0.05625 0.08958333333333333
1 0.24296875 0.36041666666666666 0.0484375 0.07083333333333333
0 0.3453125 0.2708333333333333 0.053125 0.0875
0 0.36796875 0.684375 0.1015625 0.19375
0 0.409375 0.47604166666666664 0.084375 0.13125
0 0.534375 0.25729166666666664 0.03125 0.06041666666666667
0 0.6171875 0.4354166666666667 0.090625 0.15416666666666667
1 0.67421875 0.20625 0.0359375 0.07083333333333333
0 0.696875 0.30625 0.04375 0.075
0 0.77265625 0.4510416666666667 0.0578125 0.09375
0 0.79375 0.28125 0.05 0.07916666666666666
0 0.89296875 0.5270833333333333 0.1171875 0.16666666666666666
0 0.93125 0.2125 0.0375 0.058333333333333334
0 0.87421875 0.21666666666666667 0.0390625 0.06666666666666667
0 0.02890625 0.6114583333333333 0.0546875 0.11458333333333333