0 0.05390625 0.13333333333333333 0.0703125 0.13333333333333333
0 0.17265625 0.15208333333333332 0.0828125 0.1375
0 0.190625 0.4166666666666667 0.0875 0.15
0 0.10546875 0.75625 0.0765625 0.1375
0 0.3171875 0.4635416666666667 0.084375 0.16458333333333333
0 0.2984375 0.8145833333333333 0.078125 0.12083333333333333
0 0.51875 0.6166666666666667 0.0875 0.17916666666666667
0 0.53203125 0.903125 0.0796875 0.16458333333333333
0 0.60078125 0.5697916666666667 0.0765625 0.14791666666666667
0 0.7359375 0.778125 0.078125 0.16458333333333333
0 0.846875 0.321875 0.08125 0.15625
0 0.97109375 0.18333333333333332 0.0578125 0.12083333333333333
0 0.9671875 0.42604166666666665 0.065625 0.15208333333333332
0 0.83828125 0.6260416666666667 0.0765625 0.16041666666666668
0 0.94609375 0.7114583333333333 0.0921875 0.16458333333333333
0 0.815625 0.9239583333333333 0.0875 0.15208333333333332