0 0.06796875 0.5989583333333334 0.0328125 0.06041666666666667
0 0.15546875 0.5416666666666666 0.0171875 0.0375
0 0.19453125 0.6260416666666667 0.0359375 0.04791666666666667
0 0.3046875 0.5083333333333333 0.05 0.09166666666666666
0 0.43125 0.5979166666666667 0.0375 0.08333333333333333
0 0.58515625 0.559375 0.0328125 0.05625
0 0.61796875 0.5385416666666667 0.0171875 0.03125
2 0.65703125 0.540625 0.0140625 0.027083333333333334
0 0.7390625 0.596875 0.034375 0.04791666666666667
1 0.88671875 0.5333333333333333 0.0453125 0.07916666666666666
0 0.77421875 0.5302083333333333 0.0140625 0.022916666666666665