0 0.48046875 0.278125 0.0765625 0.12291666666666666
0 0.08671875 0.45416666666666666 0.0453125 0.0625
0 0.1609375 0.5104166666666666 0.0375 0.05
0 0.30703125 0.5239583333333333 0.0296875 0.052083333333333336
0 0.2328125 0.5385416666666667 0.021875 0.04375
0 0.2671875 0.5708333333333333 0.025 0.041666666666666664
0 0.63828125 0.5385416666666667 0.0265625 0.04375
2 0.62421875 0.6625 0.0203125 0.0375
0 0.7734375 0.41458333333333336 0.0375 0.075
0 0.84921875 0.4395833333333333 0.0359375 0.07083333333333333
0 0.9265625 0.3072916666666667 0.059375 0.12291666666666666