2 0.13828125 0.17395833333333333 0.0671875 0.11041666666666666
2 0.34453125 0.05416666666666667 0.0296875 0.06666666666666667
2 0.49453125 0.075 0.0359375 0.07083333333333333
0 0.5359375 0.11666666666666667 0.053125 0.1125
2 0.384375 0.196875 0.059375 0.09375
0 0.36328125 0.35208333333333336 0.0765625 0.14583333333333334
2 0.2 0.36875 0.0625 0.07083333333333333
1 0.12265625 0.8010416666666667 0.0671875 0.11875
1 0.309375 0.4791666666666667 0.075 0.15
1 0.4765625 0.4395833333333333 0.109375 0.19583333333333333
2 0.628125 0.22083333333333333 0.04375 0.07916666666666666
0 0.671875 0.25625 0.065625 0.125
0 0.86484375 0.2677083333333333 0.0953125 0.17291666666666666
0 0.715625 0.696875 0.11875 0.22291666666666668