0 0.0421875 0.8802083333333334 0.065625 0.11458333333333333
0 0.1265625 0.784375 0.065625 0.11041666666666666
1 0.16796875 0.715625 0.0515625 0.09375
2 0.09609375 0.478125 0.0421875 0.06875
0 0.084375 0.3541666666666667 0.040625 0.09166666666666666
0 0.0265625 0.321875 0.034375 0.07291666666666667
2 0.08125 0.04791666666666667 0.05 0.08333333333333333
0 0.2984375 0.07604166666666666 0.053125 0.08125
0 0.259375 0.26979166666666665 0.05625 0.06875
0 0.26484375 0.496875 0.0453125 0.08958333333333333
0 0.37421875 0.9260416666666667 0.0703125 0.10625
0 0.51875 0.7458333333333333 0.0625 0.08333333333333333
0 0.565625 0.8260416666666667 0.071875 0.10208333333333333
0 0.49765625 0.43020833333333336 0.0578125 0.09375
0 0.4828125 0.278125 0.0625 0.08541666666666667
0 0.490625 0.15 0.05625 0.075
0 0.640625 0.49270833333333336 0.046875 0.08125
0 0.6609375 0.271875 0.053125 0.08958333333333333
0 0.74609375 0.26979166666666665 0.0578125 0.09375
0 0.93203125 0.64375 0.0703125 0.075
0 0.8921875 0.3458333333333333 0.059375 0.08333333333333333
0 0.821875 0.203125 0.04375 0.07291666666666667
0 0.81953125 0.090625 0.0453125 0.06041666666666667