0 0.06484375 0.7145833333333333 0.0453125 0.075
0 0.05234375 0.403125 0.0203125 0.05625
0 0.13515625 0.3927083333333333 0.0328125 0.05625
2 0.0546875 0.5041666666666667 0.025 0.0625
2 0.0234375 0.53125 0.021875 0.07083333333333333
0 0.30078125 0.26145833333333335 0.0578125 0.08541666666666667
0 0.37578125 0.27708333333333335 0.0515625 0.07916666666666666
0 0.48828125 0.2989583333333333 0.0578125 0.09375
0 0.64296875 0.3125 0.0484375 0.08333333333333333
0 0.75546875 0.28854166666666664 0.0578125 0.09375
0 0.97421875 0.38333333333333336 0.0359375 0.05416666666666667
2 0.975 0.5020833333333333 0.0375 0.075