0 0.04453125 0.31979166666666664 0.0609375 0.08541666666666667
0 0.0515625 0.465625 0.065625 0.08541666666666667
0 0.15703125 0.375 0.0859375 0.15416666666666667
0 0.25 0.3958333333333333 0.05 0.08333333333333333
0 0.5078125 0.18229166666666666 0.071875 0.11875
0 0.82734375 0.3260416666666667 0.1046875 0.16875
0 0.9109375 0.45208333333333334 0.046875 0.08333333333333333
0 0.70546875 0.45 0.0515625 0.0625
0 0.76171875 0.434375 0.0359375 0.05625
0 0.2546875 0.30416666666666664 0.05 0.07083333333333333
0 0.93125 0.371875 0.0375 0.05625
0 0.946875 0.48020833333333335 0.03125 0.06458333333333334
0 0.55859375 0.253125 0.0328125 0.08958333333333333