0 0.3609375 0.33645833333333336 0.0625 0.18541666666666667
0 0.07734375 0.38125 0.0796875 0.15833333333333333
0 0.16953125 0.28125 0.0640625 0.14583333333333334
0 0.390625 0.4947916666666667 0.0625 0.14791666666666667
0 0.44296875 0.35625 0.0578125 0.12916666666666668
0 0.60234375 0.28541666666666665 0.0953125 0.15416666666666667
0 0.240625 0.32395833333333335 0.0375 0.11458333333333333
1 0.6421875 0.490625 0.1 0.21875
2 0.76171875 0.43020833333333336 0.0703125 0.16041666666666668
2 0.953125 0.33958333333333335 0.053125 0.12083333333333333
2 0.98359375 0.334375 0.0328125 0.14791666666666667