0 0.3484375 0.7791666666666667 0.1125 0.20833333333333334
0 0.53046875 0.134375 0.0421875 0.09375
2 0.7359375 0.125 0.0625 0.1
0 0.6328125 0.3802083333333333 0.053125 0.10625
2 0.28359375 0.065625 0.0171875 0.035416666666666666
2 0.33515625 0.078125 0.0171875 0.035416666666666666
2 0.42421875 0.04895833333333333 0.0203125 0.03125
0 0.81796875 0.18645833333333334 0.0265625 0.03958333333333333
0 0.6828125 0.065625 0.021875 0.04375
2 0.590625 0.046875 0.01875 0.04375
2 0.61875 0.016666666666666666 0.0125 0.025
0 0.3734375 0.115625 0.021875 0.04791666666666667
0 0.3703125 0.18229166666666666 0.0375 0.10208333333333333