0 0.84453125 0.44583333333333336 0.1109375 0.10833333333333334
0 0.68046875 0.34479166666666666 0.0734375 0.13125
0 0.615625 0.334375 0.071875 0.11458333333333333
0 0.54453125 0.29375 0.0703125 0.10833333333333334
0 0.4375 0.29791666666666666 0.0625 0.10416666666666667
0 0.396875 0.28229166666666666 0.034375 0.10208333333333333
0 0.36171875 0.29270833333333335 0.0359375 0.08541666666666667
0 0.30703125 0.20520833333333333 0.0546875 0.08958333333333333
0 0.26171875 0.25 0.0546875 0.08333333333333333
0 0.12109375 0.2677083333333333 0.0328125 0.05625
0 0.025 0.23541666666666666 0.0375 0.06666666666666667