0 0.26796875 0.23854166666666668 0.0421875 0.08958333333333333
0 0.4015625 0.22604166666666667 0.05 0.08958333333333333
0 0.7890625 0.13854166666666667 0.05 0.09375
0 0.88828125 0.15520833333333334 0.0078125 0.027083333333333334
2 0.68984375 0.14791666666666667 0.0046875 0.0125
0 0.61015625 0.15625 0.0078125 0.0125
0 0.51796875 0.17291666666666666 0.0015625 0.008333333333333333
0 0.54140625 0.16770833333333332 0.0046875 0.010416666666666666
0 0.54453125 0.165625 0.0046875 0.014583333333333334
0 0.565625 0.15833333333333333 0.003125 0.008333333333333333
0 0.57578125 0.16354166666666667 0.0015625 0.010416666666666666