0 0.02578125 0.16354166666666667 0.0421875 0.08125
0 0.084375 0.209375 0.05625 0.10208333333333333
2 0.10078125 0.3614583333333333 0.0515625 0.09375
0 0.0484375 0.85625 0.078125 0.14166666666666666
0 0.26171875 0.10833333333333334 0.0609375 0.08333333333333333
0 0.27578125 0.3854166666666667 0.0578125 0.11666666666666667
1 0.16796875 0.6520833333333333 0.0578125 0.13333333333333333
0 0.12578125 0.74375 0.0734375 0.1375
0 0.378125 0.9145833333333333 0.06875 0.13333333333333333
0 0.48828125 0.10729166666666666 0.0671875 0.10208333333333333
0 0.5 0.2989583333333333 0.0625 0.11041666666666666
0 0.51796875 0.696875 0.0578125 0.09791666666666667
0 0.56875 0.7916666666666666 0.075 0.12916666666666668
0 0.66171875 0.10520833333333333 0.0609375 0.09791666666666667
0 0.64140625 0.37916666666666665 0.0546875 0.1125
0 0.74921875 0.10625 0.0703125 0.125
0 0.82578125 0.035416666666666666 0.0515625 0.0625
0 0.89609375 0.20104166666666667 0.0671875 0.10208333333333333
0 0.93125 0.5697916666666667 0.075 0.11041666666666666