2 0.12421875 0.30416666666666664 0.0640625 0.13333333333333333
2 0.1875 0.4270833333333333 0.0625 0.10416666666666667
2 0.19296875 0.6020833333333333 0.0671875 0.1375
2 0.24921875 0.275 0.0609375 0.13333333333333333
2 0.3375 0.5520833333333334 0.075 0.1625
0 0.446875 0.5822916666666667 0.090625 0.19375
2 0.54140625 0.30833333333333335 0.0546875 0.13333333333333333
2 0.60859375 0.6677083333333333 0.0828125 0.15625
2 0.621875 0.5 0.065625 0.13333333333333333
0 0.884375 0.6447916666666667 0.08125 0.18541666666666667
2 0.96171875 0.359375 0.0546875 0.11875
2 0.69453125 0.15625 0.0546875 0.10416666666666667
2 0.88046875 0.20625 0.0421875 0.07916666666666666
2 0.484375 0.28020833333333334 0.05625 0.09375