0 0.278125 0.24791666666666667 0.028125 0.041666666666666664
2 0.3609375 0.27395833333333336 0.0375 0.04791666666666667
0 0.4875 0.23645833333333333 0.0375 0.06458333333333334
0 0.615625 0.2947916666666667 0.046875 0.06875
0 0.71953125 0.32916666666666666 0.0453125 0.06666666666666667
0 0.8375 0.30104166666666665 0.0625 0.08541666666666667
0 0.9796875 0.2875 0.040625 0.1125
0 0.2234375 0.2833333333333333 0.021875 0.0375
0 0.1953125 0.259375 0.021875 0.03958333333333333
0 0.15703125 0.2604166666666667 0.0203125 0.0375
0 0.121875 0.25729166666666664 0.025 0.03125