0 0.04296875 0.95 0.0734375 0.0875
0 0.121875 0.853125 0.06875 0.13125
1 0.16640625 0.7666666666666667 0.0546875 0.12083333333333333
2 0.09375 0.4791666666666667 0.05 0.09166666666666666
0 0.2640625 0.5010416666666667 0.05 0.11041666666666666
0 0.26015625 0.221875 0.0578125 0.09375
0 0.084375 0.3260416666666667 0.04375 0.10625
0 0.02265625 0.28229166666666666 0.0328125 0.08958333333333333
0 0.56328125 0.9041666666666667 0.0734375 0.12916666666666668
0 0.51953125 0.809375 0.0640625 0.09791666666666667
0 0.49921875 0.415625 0.0609375 0.10625
0 0.4828125 0.221875 0.0625 0.09375
0 0.48828125 0.06666666666666667 0.0578125 0.075
0 0.66171875 0.221875 0.0546875 0.11041666666666666
0 0.64140625 0.48854166666666665 0.0546875 0.10208333333333333
0 0.74921875 0.21979166666666666 0.0609375 0.11458333333333333
0 0.82265625 0.140625 0.0578125 0.08958333333333333
0 0.89609375 0.31979166666666664 0.0671875 0.10208333333333333
0 0.934375 0.6822916666666666 0.065625 0.10208333333333333