0 0.05703125 0.22604166666666667 0.0703125 0.08541666666666667
0 0.1890625 0.209375 0.065625 0.09791666666666667
0 0.31484375 0.203125 0.0703125 0.10208333333333333
0 0.40625 0.23854166666666668 0.0625 0.06875
0 0.4578125 0.24479166666666666 0.0625 0.10208333333333333
0 0.70625 0.21979166666666666 0.0625 0.14375
0 0.8453125 0.28541666666666665 0.071875 0.12916666666666668
0 0.8953125 0.5520833333333334 0.078125 0.14583333333333334
0 0.80859375 0.6354166666666666 0.0828125 0.1125
0 0.6109375 0.6135416666666667 0.071875 0.11875
0 0.52265625 0.5041666666666667 0.0671875 0.14166666666666666
0 0.34921875 0.59375 0.0890625 0.1125
0 0.140625 0.5052083333333334 0.071875 0.12708333333333333