0 0.13203125 0.909375 0.0453125 0.06458333333333334
0 0.0296875 0.6760416666666667 0.040625 0.06458333333333334
0 0.15 0.684375 0.0375 0.06458333333333334
0 0.04453125 0.5739583333333333 0.0359375 0.05625
0 0.165625 0.5333333333333333 0.04375 0.06666666666666667
0 0.0578125 0.4375 0.0375 0.0625
0 0.1640625 0.4395833333333333 0.034375 0.041666666666666664
0 0.203125 0.38645833333333335 0.03125 0.04791666666666667
0 0.065625 0.290625 0.03125 0.052083333333333336
0 0.0984375 0.24166666666666667 0.028125 0.0375
0 0.21171875 0.2604166666666667 0.0359375 0.058333333333333334
0 0.11953125 0.11770833333333333 0.0296875 0.04791666666666667
0 0.209375 0.13333333333333333 0.034375 0.058333333333333334
0 0.228125 0.06666666666666667 0.03125 0.04583333333333333
0 0.39609375 0.125 0.0171875 0.041666666666666664
1 0.471875 0.11145833333333334 0.01875 0.04375
1 0.51796875 0.096875 0.0234375 0.03958333333333333
0 0.45390625 0.14375 0.0296875 0.04583333333333333
0 0.4578125 0.20104166666666667 0.028125 0.04375
1 0.43828125 0.30104166666666665 0.0265625 0.03958333333333333
0 0.47421875 0.35208333333333336 0.0203125 0.04583333333333333
0 0.453125 0.403125 0.021875 0.04791666666666667
0 0.45703125 0.490625 0.0296875 0.052083333333333336
0 0.4328125 0.5822916666666667 0.0375 0.05625
0 0.46796875 0.6583333333333333 0.0328125 0.04583333333333333
0 0.4765625 0.8395833333333333 0.034375 0.041666666666666664
0 0.49296875 0.9322916666666666 0.0421875 0.06875
0 0.46171875 0.915625 0.0140625 0.04375
1 0.52265625 0.44375 0.0328125 0.05
0 0.5546875 0.4864583333333333 0.034375 0.06041666666666667
0 0.56171875 0.3927083333333333 0.0359375 0.052083333333333336
0 0.534375 0.38645833333333335 0.025 0.04791666666666667
0 0.52578125 0.209375 0.0171875 0.035416666666666666
0 0.546875 0.23125 0.03125 0.05
0 0.58125 0.11145833333333334 0.025 0.04375
0 0.58984375 0.2520833333333333 0.0296875 0.05
0 0.6375 0.24166666666666667 0.025 0.0375
0 0.63828125 0.35 0.0328125 0.05
0 0.61640625 0.525 0.0296875 0.041666666666666664
0 0.56328125 0.671875 0.0265625 0.05625
0 0.59921875 0.721875 0.0359375 0.05625
0 0.64296875 0.7177083333333333 0.0328125 0.05625
0 0.64921875 0.55 0.0359375 0.058333333333333334
0 0.63984375 0.9416666666666667 0.0296875 0.058333333333333334
0 0.61796875 0.15416666666666667 0.0265625 0.041666666666666664
0 0.65859375 0.125 0.0171875 0.041666666666666664
0 0.6484375 0.07291666666666667 0.021875 0.03333333333333333
0 0.715625 0.09895833333333333 0.021875 0.035416666666666666
0 0.6890625 0.13125 0.025 0.029166666666666667
0 0.71953125 0.17708333333333334 0.0296875 0.0375
0 0.70703125 0.27708333333333335 0.0359375 0.041666666666666664
0 0.73125 0.25416666666666665 0.0125 0.04583333333333333
0 0.70078125 0.375 0.0328125 0.041666666666666664
0 0.73046875 0.421875 0.0328125 0.052083333333333336
0 0.75546875 0.42916666666666664 0.0171875 0.04583333333333333
0 0.74296875 0.53125 0.0328125 0.05416666666666667
0 0.7359375 0.6708333333333333 0.0375 0.04583333333333333
0 0.76953125 0.8052083333333333 0.0359375 0.052083333333333336
0 0.7859375 0.8770833333333333 0.021875 0.03333333333333333
0 0.8015625 0.96875 0.034375 0.05416666666666667
0 0.76015625 0.103125 0.0171875 0.027083333333333334