0 0.0828125 0.221875 0.053125 0.09375
0 0.16796875 0.28020833333333334 0.0421875 0.08541666666666667
0 0.29921875 0.18541666666666667 0.0296875 0.0625
0 0.35234375 0.259375 0.0546875 0.10625
0 0.3671875 0.18541666666666667 0.034375 0.0625
0 0.40703125 0.23541666666666666 0.0390625 0.08333333333333333
0 0.44921875 0.46979166666666666 0.0546875 0.09375
0 0.47734375 0.22916666666666666 0.0296875 0.0625
0 0.52890625 0.22291666666666668 0.0296875 0.075
0 0.56328125 0.23333333333333334 0.0421875 0.0875
0 0.6125 0.26458333333333334 0.0375 0.07083333333333333
0 0.653125 0.30416666666666664 0.046875 0.0875
0 0.71171875 0.321875 0.0546875 0.09791666666666667
0 0.7640625 0.21145833333333333 0.040625 0.08125
2 0.8078125 0.21354166666666666 0.0375 0.05625
0 0.88359375 0.18958333333333333 0.0421875 0.0875
0 0.940625 0.21354166666666666 0.04375 0.09375
0 0.840625 0.21145833333333333 0.021875 0.052083333333333336