0 0.07109375 0.9197916666666667 0.1078125 0.16041666666666668
0 0.19453125 0.7979166666666667 0.0703125 0.1125
0 0.30390625 0.7427083333333333 0.1296875 0.23125
0 0.4953125 0.615625 0.078125 0.16458333333333333
0 0.321875 0.24375 0.04375 0.075
0 0.4 0.11458333333333333 0.0375 0.058333333333333334
0 0.42421875 0.24895833333333334 0.0359375 0.06875
0 0.49921875 0.14166666666666666 0.0296875 0.041666666666666664
0 0.59375 0.15625 0.0375 0.0625
0 0.565625 0.37604166666666666 0.0375 0.06458333333333334
0 0.69296875 0.5635416666666667 0.1015625 0.16041666666666668
0 0.75703125 0.19375 0.0359375 0.05416666666666667
2 0.8484375 0.34479166666666666 0.0375 0.06041666666666667
2 0.665625 0.20208333333333334 0.0375 0.0625
2 0.4484375 0.4583333333333333 0.046875 0.075