0 0.2671875 0.10729166666666666 0.025 0.06458333333333334
0 0.23671875 0.15104166666666666 0.0390625 0.06875
0 0.16484375 0.634375 0.0796875 0.13958333333333334
0 0.3375 0.5239583333333333 0.0625 0.12708333333333333
0 0.41953125 0.31354166666666666 0.0546875 0.11458333333333333
0 0.40234375 0.035416666666666666 0.0203125 0.0375
0 0.45859375 0.053125 0.0171875 0.04375
0 0.55703125 0.08333333333333333 0.0296875 0.05
0 0.54296875 0.2520833333333333 0.0515625 0.10833333333333334
0 0.5703125 0.42604166666666665 0.0625 0.12291666666666666
0 0.653125 0.24791666666666667 0.05625 0.10833333333333334
2 0.74921875 0.128125 0.0296875 0.06041666666666667
0 0.81171875 0.159375 0.0359375 0.07708333333333334
0 0.78828125 0.04791666666666667 0.0265625 0.05416666666666667
0 0.8515625 0.041666666666666664 0.034375 0.058333333333333334
0 0.90078125 0.06666666666666667 0.0328125 0.04583333333333333