0 0.084375 0.23541666666666666 0.04375 0.06666666666666667
0 0.18828125 0.11666666666666667 0.0328125 0.05
0 0.25546875 0.284375 0.0421875 0.06041666666666667
0 0.37109375 0.08854166666666667 0.0328125 0.04375
0 0.4140625 0.146875 0.040625 0.06458333333333334
0 0.51796875 0.3572916666666667 0.0515625 0.08541666666666667
0 0.45625 0.08229166666666667 0.0375 0.05625
0 0.51953125 0.09270833333333334 0.0359375 0.052083333333333336
0 0.61953125 0.26666666666666666 0.0453125 0.07083333333333333
0 0.60703125 0.209375 0.0359375 0.052083333333333336
2 0.421875 0.07708333333333334 0.025 0.029166666666666667
2 0.59296875 0.10208333333333333 0.0234375 0.041666666666666664
0 0.6 0.041666666666666664 0.025 0.03333333333333333
0 0.665625 0.13541666666666666 0.03125 0.041666666666666664
2 0.6296875 0.025 0.025 0.0375
1 0.696875 0.07708333333333334 0.025 0.04583333333333333
0 0.74921875 0.057291666666666664 0.0296875 0.04791666666666667
0 0.76875 0.06041666666666667 0.0125 0.03333333333333333
2 0.72734375 0.053125 0.0203125 0.035416666666666666
2 0.88203125 0.058333333333333334 0.0296875 0.0375
0 0.95390625 0.1 0.0296875 0.04583333333333333