0 0.18828125 0.296875 0.0515625 0.07708333333333334
0 0.403125 0.26979166666666665 0.06875 0.10208333333333333
0 0.57265625 0.26458333333333334 0.0578125 0.0875
2 0.75234375 0.265625 0.0546875 0.07291666666666667
2 0.95078125 0.28854166666666664 0.0515625 0.06875
2 0.965625 0.08645833333333333 0.03125 0.04375
2 0.63515625 0.040625 0.0171875 0.03958333333333333
2 0.5734375 0.05416666666666667 0.0125 0.029166666666666667
2 0.81875 0.125 0.0125 0.025
2 0.74453125 0.12291666666666666 0.0140625 0.020833333333333332
2 0.70703125 0.115625 0.0140625 0.022916666666666665
0 0.43828125 0.10208333333333333 0.0171875 0.029166666666666667
2 0.36953125 0.11979166666666667 0.0140625 0.022916666666666665
2 0.2140625 0.1 0.015625 0.025
2 0.153125 0.103125 0.01875 0.03125
2 0.06953125 0.09583333333333334 0.0140625 0.03333333333333333
2 0.01484375 0.09166666666666666 0.0203125 0.025