0 0.05078125 0.27395833333333336 0.0484375 0.06875
0 0.18671875 0.2520833333333333 0.0390625 0.0625
0 0.2671875 0.25729166666666664 0.034375 0.06458333333333334
0 0.409375 0.24270833333333333 0.040625 0.06458333333333334
0 0.45390625 0.23333333333333334 0.0296875 0.05416666666666667
0 0.48984375 0.22916666666666666 0.0296875 0.0625
0 0.52265625 0.17083333333333334 0.0328125 0.0375
0 0.5125 0.28229166666666666 0.0375 0.06041666666666667
0 0.578125 0.353125 0.05625 0.08958333333333333
2 0.67421875 0.21145833333333333 0.0453125 0.07291666666666667
0 0.69453125 0.37395833333333334 0.0609375 0.10625
0 0.8109375 0.18645833333333334 0.0375 0.06041666666666667
0 0.803125 0.346875 0.053125 0.06875
0 0.91953125 0.45416666666666666 0.0796875 0.1375
2 0.8671875 0.4239583333333333 0.034375 0.07708333333333334