0 0.1296875 0.21041666666666667 0.040625 0.07083333333333333
0 0.246875 0.22291666666666668 0.05 0.075
0 0.3390625 0.24270833333333333 0.040625 0.05625
0 0.43359375 0.12604166666666666 0.0578125 0.09791666666666667
0 0.48828125 0.171875 0.0328125 0.04791666666666667
0 0.5625 0.18125 0.05 0.075
0 0.63203125 0.3729166666666667 0.0453125 0.075
0 0.6875 0.15625 0.05 0.075
0 0.7703125 0.21354166666666666 0.046875 0.07708333333333334
0 0.83828125 0.23229166666666667 0.0328125 0.05625
0 0.88046875 0.234375 0.0421875 0.06041666666666667
0 0.9046875 0.18333333333333332 0.025 0.041666666666666664
0 0.975 0.159375 0.05 0.08125