2 0.04765625 0.03854166666666667 0.0578125 0.07291666666666667
0 0.04921875 0.3489583333333333 0.0546875 0.09375
0 0.24453125 0.265625 0.0609375 0.08125
0 0.2828125 0.06770833333333333 0.0625 0.08958333333333333
2 0.0625 0.47291666666666665 0.05 0.0875
0 0.02265625 0.88125 0.0421875 0.12916666666666668
0 0.096875 0.7833333333333333 0.06875 0.11666666666666667
1 0.14453125 0.7135416666666666 0.0546875 0.11041666666666666
0 0.24921875 0.48854166666666665 0.0546875 0.09375
0 0.49375 0.1375 0.0625 0.075
0 0.48515625 0.26979166666666665 0.0671875 0.09375
0 0.503125 0.421875 0.0625 0.09375
0 0.36640625 0.9239583333333333 0.0703125 0.11041666666666666
0 0.5234375 0.7489583333333333 0.071875 0.09375
0 0.5765625 0.8239583333333333 0.075 0.11041666666666666
0 0.66171875 0.48541666666666666 0.0546875 0.0875
0 0.6828125 0.2635416666666667 0.0625 0.08958333333333333
0 0.7765625 0.25833333333333336 0.059375 0.1
0 0.85703125 0.08229166666666667 0.0453125 0.07291666666666667
0 0.93828125 0.3416666666666667 0.0671875 0.08333333333333333
0 0.96875 0.6395833333333333 0.0625 0.0875