0 0.084375 0.31666666666666665 0.04375 0.075
0 0.1484375 0.284375 0.0375 0.06041666666666667
0 0.19921875 0.2520833333333333 0.0296875 0.05
0 0.26796875 0.32708333333333334 0.0484375 0.07083333333333333
0 0.4203125 0.3145833333333333 0.046875 0.07083333333333333
0 0.50859375 0.24895833333333334 0.0828125 0.13125
0 0.60546875 0.240625 0.0421875 0.08541666666666667
0 0.696875 0.325 0.03125 0.04583333333333333
0 0.76328125 0.2791666666666667 0.0421875 0.075
0 0.8546875 0.33229166666666665 0.034375 0.06041666666666667
0 0.9390625 0.30416666666666664 0.034375 0.0625
0 0.971875 0.29270833333333335 0.01875 0.04791666666666667
0 0.28046875 0.23958333333333334 0.0265625 0.0375