0 0.846875 0.16770833333333332 0.05625 0.08958333333333333
1 0.93671875 0.3020833333333333 0.0453125 0.08333333333333333
0 0.6453125 0.2 0.046875 0.07083333333333333
0 0.71171875 0.2947916666666667 0.0359375 0.06041666666666667
0 0.09296875 0.2125 0.0421875 0.075
1 0.11953125 0.28229166666666666 0.0546875 0.09375
1 0.4796875 0.19895833333333332 0.065625 0.10208333333333333
2 0.196875 0.2947916666666667 0.05625 0.08958333333333333
2 0.02265625 0.203125 0.0421875 0.06458333333333334
2 0.36484375 0.24791666666666667 0.0453125 0.07083333333333333
2 0.6046875 0.21979166666666666 0.034375 0.06041666666666667
2 0.728125 0.15625 0.046875 0.06666666666666667
2 0.2390625 0.23333333333333334 0.034375 0.0625