0 0.084375 0.26666666666666666 0.05 0.09166666666666666
0 0.16953125 0.321875 0.0453125 0.08958333333333333
0 0.35078125 0.296875 0.0578125 0.10208333333333333
0 0.40546875 0.28229166666666666 0.0421875 0.08958333333333333
0 0.45234375 0.5114583333333333 0.0546875 0.10625
0 0.47890625 0.27291666666666664 0.0296875 0.0625
0 0.528125 0.2625 0.028125 0.08333333333333333
0 0.56015625 0.2760416666666667 0.0421875 0.09375
0 0.6125 0.30833333333333335 0.0375 0.07916666666666666
0 0.65078125 0.346875 0.0421875 0.09375
0 0.71484375 0.36770833333333336 0.0546875 0.11041666666666666
0 0.7671875 0.25416666666666665 0.034375 0.075
2 0.80859375 0.25833333333333336 0.0421875 0.058333333333333334
0 0.88203125 0.23125 0.0453125 0.08333333333333333
0 0.9390625 0.253125 0.05 0.09375
0 0.36875 0.23125 0.0375 0.06666666666666667
0 0.3 0.22916666666666666 0.0375 0.0625