0 0.66953125 0.6583333333333333 0.1203125 0.1875
0 0.803125 0.5583333333333333 0.13125 0.19583333333333333
0 0.9421875 0.45416666666666666 0.059375 0.10416666666666667
0 0.828125 0.25729166666666664 0.06875 0.08541666666666667
0 0.93046875 0.221875 0.0328125 0.06875
0 0.68671875 0.36354166666666665 0.0796875 0.11458333333333333
0 0.63203125 0.19791666666666666 0.0453125 0.075
0 0.56328125 0.4510416666666667 0.0734375 0.11041666666666666
0 0.36796875 0.45625 0.0734375 0.12083333333333333
0 0.509375 0.36354166666666665 0.059375 0.07708333333333334
0 0.2515625 0.42083333333333334 0.059375 0.075
0 0.11796875 0.5270833333333333 0.0734375 0.11666666666666667
0 0.05234375 0.38125 0.0546875 0.07916666666666666
0 0.240625 0.22291666666666668 0.05625 0.07083333333333333
0 0.3578125 0.17083333333333334 0.053125 0.075
0 0.47890625 0.21875 0.0296875 0.05416666666666667
0 0.53359375 0.25625 0.0328125 0.0625
0 0.14296875 0.17291666666666666 0.0578125 0.075