0 0.1953125 0.4479166666666667 0.078125 0.14583333333333334
2 0.3921875 0.6145833333333334 0.140625 0.2916666666666667
0 0.0921875 0.3416666666666667 0.059375 0.12083333333333333
1 0.16640625 0.178125 0.0453125 0.10208333333333333
2 0.221875 0.33125 0.05625 0.0875
0 0.2828125 0.2604166666666667 0.053125 0.07916666666666666
0 0.34921875 0.23958333333333334 0.0609375 0.08333333333333333
0 0.4265625 0.2864583333333333 0.05 0.08125
0 0.47265625 0.3572916666666667 0.0578125 0.10625
0 0.54765625 0.36875 0.0671875 0.08333333333333333
2 0.4640625 0.17083333333333334 0.034375 0.07083333333333333
0 0.38046875 0.09895833333333333 0.0234375 0.03958333333333333
0 0.4671875 0.08229166666666667 0.025 0.04375
0 0.67578125 0.45625 0.0921875 0.15416666666666667
0 0.13125 0.20416666666666666 0.0375 0.08333333333333333
0 0.26640625 0.18333333333333332 0.0453125 0.06666666666666667
0 0.5765625 0.059375 0.015625 0.03125
0 0.79765625 0.9010416666666666 0.0671875 0.18541666666666667
0 0.840625 0.540625 0.0875 0.17291666666666666
0 0.82578125 0.28854166666666664 0.0671875 0.10208333333333333
0 0.81875 0.42604166666666665 0.0375 0.09375
0 0.778125 0.209375 0.04375 0.10208333333333333
0 0.87109375 0.17291666666666666 0.0328125 0.06666666666666667