0 0.715625 0.37916666666666665 0.06875 0.10833333333333334
0 0.88671875 0.2760416666666667 0.0546875 0.10625
0 0.6453125 0.24583333333333332 0.0625 0.12083333333333333
0 0.39296875 0.42916666666666664 0.0578125 0.08333333333333333
0 0.4328125 0.3416666666666667 0.053125 0.0875
0 0.04140625 0.371875 0.0796875 0.22708333333333333
0 0.33203125 0.3541666666666667 0.0453125 0.06666666666666667
0 0.2703125 0.325 0.053125 0.06666666666666667
0 0.0953125 0.31979166666666664 0.0375 0.05625
0 0.19921875 0.315625 0.0390625 0.04791666666666667
0 0.15390625 0.2875 0.0203125 0.0375
0 0.51328125 0.2833333333333333 0.0265625 0.04583333333333333