0 0.034375 0.17916666666666667 0.025 0.06666666666666667
0 0.084375 0.1125 0.025 0.058333333333333334
0 0.11796875 0.20729166666666668 0.0265625 0.05625
0 0.2046875 0.18541666666666667 0.034375 0.07083333333333333
0 0.26796875 0.21770833333333334 0.0515625 0.08541666666666667
0 0.31171875 0.121875 0.0296875 0.07708333333333334
0 0.3671875 0.121875 0.025 0.05625
0 0.52421875 0.209375 0.0390625 0.08958333333333333
0 0.603125 0.17916666666666667 0.0375 0.09583333333333334
0 0.71640625 0.17916666666666667 0.0546875 0.1125
0 0.80546875 0.19583333333333333 0.0484375 0.1
0 0.8953125 0.16041666666666668 0.0375 0.06666666666666667
2 0.909375 0.4583333333333333 0.03125 0.075