2 0.109375 0.08854166666666667 0.040625 0.06875
2 0.178125 0.21666666666666667 0.046875 0.06666666666666667
2 0.16796875 0.375 0.0515625 0.07916666666666666
0 0.1375 0.5520833333333334 0.05 0.07083333333333333
2 0.47265625 0.15208333333333332 0.0421875 0.06666666666666667
0 0.4296875 0.30625 0.05 0.06666666666666667
0 0.4703125 0.403125 0.046875 0.06875
0 0.4453125 0.5770833333333333 0.053125 0.07916666666666666
0 0.74140625 0.06458333333333334 0.0453125 0.0625
0 0.821875 0.165625 0.05 0.06458333333333334
2 0.80859375 0.290625 0.0421875 0.052083333333333336
2 0.70390625 0.4270833333333333 0.0453125 0.07083333333333333
0 0.79375 0.6270833333333333 0.05 0.041666666666666664