0 0.08671875 0.47291666666666665 0.0453125 0.12916666666666668
0 0.284375 0.440625 0.040625 0.10208333333333333
0 0.334375 0.5010416666666667 0.059375 0.09791666666666667
0 0.39765625 0.3697916666666667 0.0421875 0.09375
2 0.446875 0.390625 0.05625 0.10625
0 0.5078125 0.503125 0.078125 0.15625
2 0.50234375 0.303125 0.0453125 0.08541666666666667
2 0.58125 0.2864583333333333 0.05 0.10208333333333333
2 0.703125 0.34270833333333334 0.046875 0.09375
0 0.6734375 0.46145833333333336 0.046875 0.09791666666666667
0 0.74375 0.44166666666666665 0.05 0.12083333333333333
0 0.89140625 0.359375 0.0453125 0.08958333333333333
1 0.790625 0.48541666666666666 0.06875 0.12083333333333333
2 0.9578125 0.3927083333333333 0.0625 0.10208333333333333
2 0.184375 0.3614583333333333 0.03125 0.05625
2 0.81640625 0.3416666666666667 0.0296875 0.0625
0 0.93046875 0.3229166666666667 0.0265625 0.05416666666666667