2 0.06015625 0.484375 0.0921875 0.13958333333333334
2 0.08828125 0.121875 0.0671875 0.09791666666666667
0 0.146875 0.090625 0.05625 0.09375
0 0.31015625 0.04583333333333333 0.0578125 0.0875
2 0.22890625 0.11666666666666667 0.0703125 0.10833333333333334
2 0.26484375 0.2833333333333333 0.0453125 0.075
2 0.2171875 0.478125 0.084375 0.12708333333333333
2 0.15859375 0.6416666666666667 0.1078125 0.10833333333333334
0 0.21171875 0.8770833333333333 0.1296875 0.22083333333333333
2 0.359375 0.659375 0.140625 0.16041666666666668
2 0.32578125 0.37916666666666665 0.0921875 0.125
2 0.3453125 0.1375 0.071875 0.075
2 0.4390625 0.153125 0.065625 0.08958333333333333
0 0.50078125 0.115625 0.0734375 0.09791666666666667
0 0.4890625 0.35104166666666664 0.090625 0.12708333333333333
2 0.5703125 0.2635416666666667 0.0625 0.10208333333333333
2 0.63046875 0.1125 0.0765625 0.11666666666666667
2 0.73515625 0.109375 0.0671875 0.07708333333333334
2 0.7453125 0.26875 0.0625 0.09166666666666666
0 0.68125 0.4270833333333333 0.1 0.15416666666666667
2 0.63515625 0.665625 0.0921875 0.12708333333333333
0 0.7546875 0.796875 0.1 0.14375
0 0.8296875 0.49895833333333334 0.090625 0.13958333333333334
2 0.8671875 0.146875 0.059375 0.09375
2 0.9765625 0.08958333333333333 0.05 0.075
0 0.92578125 0.3177083333333333 0.0734375 0.09791666666666667