2 0.04453125 0.721875 0.0203125 0.06041666666666667
0 0.09765625 0.73125 0.0421875 0.07083333333333333
0 0.17578125 0.6989583333333333 0.0171875 0.04375
0 0.26171875 0.7552083333333334 0.0390625 0.06041666666666667
2 0.3265625 0.56875 0.025 0.04583333333333333
0 0.3546875 0.5854166666666667 0.034375 0.05
1 0.396875 0.5979166666666667 0.03125 0.0375
2 0.37109375 0.665625 0.0328125 0.052083333333333336
0 0.3234375 0.7010416666666667 0.0375 0.04791666666666667
0 0.415625 0.6770833333333334 0.0375 0.058333333333333334
0 0.45703125 0.6260416666666667 0.0359375 0.06458333333333334
0 0.54921875 0.5947916666666667 0.0296875 0.04375
0 0.5046875 0.7010416666666667 0.040625 0.06458333333333334
0 0.528125 0.775 0.04375 0.075
0 0.6 0.5833333333333334 0.0375 0.058333333333333334
2 0.57578125 0.9635416666666666 0.0484375 0.07291666666666667
0 0.56796875 0.48541666666666666 0.0265625 0.0375
0 0.51328125 0.45 0.0234375 0.041666666666666664
0 0.6171875 0.49166666666666664 0.025 0.041666666666666664
0 0.7296875 0.41458333333333336 0.025 0.0375
0 0.78828125 0.42604166666666665 0.0171875 0.03125
0 0.90625 0.5020833333333333 0.025 0.03333333333333333