0 0.1109375 0.5645833333333333 0.1125 0.17083333333333334
0 0.20546875 0.8177083333333334 0.1234375 0.19791666666666666
0 0.3171875 0.475 0.065625 0.10416666666666667
0 0.2390625 0.478125 0.05 0.06875
0 0.30546875 0.34791666666666665 0.0484375 0.075
0 0.41953125 0.37916666666666665 0.0453125 0.09166666666666666
0 0.38203125 0.34479166666666666 0.0296875 0.04791666666666667
0 0.47890625 0.5010416666666667 0.0703125 0.11875
0 0.62265625 0.3927083333333333 0.0671875 0.11875
0 0.775 0.3489583333333333 0.05 0.09375
0 0.76328125 0.6 0.0921875 0.1375
0 0.8609375 0.8864583333333333 0.146875 0.20208333333333334
0 0.8921875 0.37916666666666665 0.040625 0.07083333333333333
0 0.953125 0.45625 0.046875 0.06666666666666667
0 0.96015625 0.7125 0.0828125 0.2125
0 0.68828125 0.42083333333333334 0.0421875 0.07083333333333333
0 0.95625 0.35520833333333335 0.0375 0.04375