0 0.53671875 0.425 0.0390625 0.05
0 0.7828125 0.484375 0.0375 0.04375
2 0.8765625 0.49270833333333336 0.040625 0.04791666666666667
2 0.71875 0.446875 0.0375 0.04375
2 0.65703125 0.4125 0.0359375 0.041666666666666664
2 0.47109375 0.4166666666666667 0.0328125 0.05
2 0.3671875 0.409375 0.040625 0.04791666666666667
2 0.44296875 0.3958333333333333 0.0328125 0.041666666666666664
1 0.20078125 0.4041666666666667 0.0421875 0.05
1 0.28359375 0.4041666666666667 0.0328125 0.05
1 0.25078125 0.559375 0.0328125 0.04791666666666667
1 0.6171875 0.43125 0.040625 0.05
0 0.071875 0.440625 0.01875 0.03125
2 0.84296875 0.459375 0.0234375 0.027083333333333334